b <- 10
v <- 11