b <- 10
m <- 100

v  <- 200